1.0 115.53179932753744 34.30121044038026 245.1200242683761
2.0 182.15669011119766 154.290843324701 248.96528917536978
3.0 251.11906479257357 46.92537270408689 253.26891417718616
4.0 147.45378930294 16.142881039830915 50.72579970129981
5.0 153.48209244100266 236.35043023832588 219.97915246938823
6.0 170.11873190628754 24.621696787074878 130.9284592713478
7.0 191.6945339329399 196.95667816807764 48.235907780557376
8.0 218.68027012158808 42.4414715915665 120.43411743847113
9.0 111.56376251876262 240.46999617053507 140.66163458527387
10.0 146.71038700933187 89.3616049833034 168.04933077941214
11.0 233.79022458226922 185.88298797977185 128.1783876163191
12.0 95.16534714391616 249.99202041838208 233.8020452273723
13.0 232.220916702629 227.91468219169752 165.71689098648503
14.0 87.19831152370273 154.0279943697532 112.87053429849686
15.0 224.3436405966414 197.39432388009888 104.95232127485471
16.0 91.94487034727283 212.44597215535177 89.27562094440776
17.0 27.524462497333268 7.76315221756705 76.88177508394392
18.0 143.82682157626073 64.77826728710744 81.47617238763969
19.0 115.92652070753256 128.49119897218708 57.58545726262729
20.0 103.61693605266684 45.10352032756316 177.70613215482288