1.0 203.9822013802423 64.85424790932272 32.12635666096318
2.0 86.78986119971958 103.52871309982426 82.38073892139724
3.0 39.94095194687253 94.11461779143193 165.0341061270943
4.0 19.34695418651378 248.87624701043774 220.27256201910257
5.0 166.99806337283394 172.02081592785603 146.43633830771714
6.0 218.60795840181294 90.67380937138743 210.3422559863578
7.0 131.56406858986904 121.03016995649766 33.17572206979139
8.0 165.91652550563504 143.07477086864364 237.97961491370916
9.0 77.70227956260791 59.47065124058555 35.45079240659357
10.0 108.20262140518106 24.893215114724423 185.1344355818423
11.0 47.89981389990767 226.88577166819468 5.130748246243143
12.0 4.932094039208458 53.61301263552553 37.07856998153797
13.0 31.399616952386502 206.2470516164272 226.43348715452095
14.0 202.55058966697285 146.75162061346356 11.847620908255836
15.0 130.49950210559976 180.63746147583635 181.6150865465708
16.0 175.51966832246978 47.44054282244139 202.71860382813173
17.0 184.4198845266936 175.03612867761169 167.79316017691667
18.0 152.6267022715953 30.774850859139388 95.3555308273597
19.0 107.83017666630751 188.79211952114034 83.45578765586751
20.0 116.11576929485224 106.82715899429775 115.95591143400513