1.0 59.76428385110025 73.95196738602918 84.36723880792458
2.0 147.397316341006 117.54662062215672 229.90059044171136
3.0 93.81023744256912 178.0032963000483 151.2629394456772
4.0 195.2969562904441 201.6027979734309 48.13981754909394
5.0 43.556527417002364 173.9942450337668 140.5182041896517
6.0 151.46230849335538 28.669250277795637 91.55171749551516
7.0 194.7581315330238 113.20700257148073 15.824993231486374
8.0 23.285688762272372 141.1634215795419 98.65523094380085
9.0 201.51785513225167 193.5185666167031 250.45375906314084
10.0 226.5602499949585 20.65092118627001 148.5726307540909
11.0 247.03638011707173 230.84253188922617 201.9046895562294
12.0 247.86091378604183 233.75736869826875 67.9809806994377
13.0 85.48531665069252 154.1142897071488 77.19541244831686
14.0 60.753569735590894 39.4367295580759 244.40433541449661
15.0 116.13077120389906 222.08673645714117 167.5901383897193
16.0 36.338595054973645 140.15126242640142 233.64470497045212
17.0 15.440247848642091 161.08251665039757 54.85201146234533
18.0 115.06065649770352 254.25587381290592 13.383660116064116
19.0 71.01194962374267 227.98602786215966 41.76406781616662
20.0 100.18368545561381 9.569853652173004 250.0434998164658