1.0 74.74151816801819 218.62640560718611 157.03664864635178
2.0 57.80577692575575 97.46631794538891 123.5505709310942
3.0 102.25870258621542 239.98121610011617 35.68952551222376
4.0 148.36943114371374 76.65952545990068 228.83572791392692
5.0 251.76560103509695 73.92693692025207 151.15124530927275
6.0 122.25503720388132 122.65208566351828 11.50854434732708
7.0 94.14802499697025 103.02916454374918 76.0753670930189
8.0 175.25131418730854 123.432306729286 9.972857708047918
9.0 97.91073223055922 31.208954020397716 110.96995970802618
10.0 89.30155953620861 220.50487995805693 40.396380457859244
11.0 130.1862212636074 133.27667741377678 249.17046183042902
12.0 172.34243195099992 179.72885268406444 217.60916334207093
13.0 110.80254914164121 140.62588348567158 43.19715427014239
14.0 98.84829373754691 253.44338191847405 46.49296147915827
15.0 61.734339378355756 77.77042611114913 254.74174813695407
16.0 135.8825998166896 70.44170056218182 196.40058842356734
17.0 123.11702975532134 166.98131023361785 108.07484471611619
18.0 87.17928839471428 190.93708975500638 246.49404421359247
19.0 74.81371885786639 62.057947187558554 185.53730194217488
20.0 194.63397123185314 198.9045850065623 246.38488066955168