1.0 194.9256919574803 217.3276275786859 146.91453141161983
2.0 88.29446473851073 65.47539239143033 3.4421081490665797
3.0 222.93016562503473 42.66656722847454 142.59449975383498
4.0 40.44518996918574 215.08658827789722 195.94611680604783
5.0 229.13905646117678 151.89675983536878 61.87144284836319
6.0 59.68438438892963 180.29563563112663 29.72983138864196
7.0 230.01177123683954 166.3645927338336 144.95328991596563
8.0 63.053641565043115 17.092194659315386 144.84632653098862
9.0 214.839145371944 247.10301051795363 247.26820370444256
10.0 40.452808592206985 27.32851091834235 32.5131935051717
11.0 159.2906844195788 140.55315289644838 67.83792931264753
12.0 123.70562121645231 27.625664049125163 161.85871003717534
13.0 127.47237969070363 11.946686551541635 92.55008507173558
14.0 155.81964842527105 50.052742925541935 49.250022572658935
15.0 87.85806164203174 95.58929522514416 190.82334203205127
16.0 234.02562896232112 185.26191151182203 40.080011535925934
17.0 187.2566647062272 39.45046587086901 141.0564636536288
18.0 121.00908265016142 229.27742266010728 148.25441818205218
19.0 67.41893121138483 173.91496799839408 110.9278963089552
20.0 72.91645893492384 59.61786657663273 76.0830283514881